      1.00     527.36     711.87     614.46    5727.14
      2.00      59.78     548.00     357.27   45426.02
      3.00     277.88     529.91     414.73   10821.31
      4.00     186.90     478.44     373.31   17469.69
      5.00     238.63     537.39     418.79   16770.66
      6.00     256.40     430.57     346.41    5073.02
      7.00     521.22     862.62     649.21   23073.95
      8.00     375.29     519.95     438.56    3651.92
      9.00     264.96     450.88     380.54    6784.67
     10.00     284.37     611.18     422.59   19069.70
